6
56
50
08
30
78
4
5
75
8
79
01
77
51
90
84
21
04
66
8
91
16
80
77
14
02
11
85
63
96
76
09
60
94
39
11
76
27
61
23
7
50
17
01
24
54
07
97
80
65
01
90
65
53
70
85
54
05
62
35
99
64
80
82
17
67
66
86
29
93
90
72
66
6
25
544
35
21
74
6
21
24
57
28
17
28
03
24
76
22
21
7
86
15
01
544
01
39
03
29
55
94
51
4
54
68
37
86
86
87
25
21
14
84
9
76
01
50
85
38
15
544
09
9
06
59
08
34
14
38
14
80
01
04
66
70
06
60
36
68
20
01
09
16
66
69
80
74
4
20
13
9
04
74
88
06
13
14
57
04
83
17
35
56
79
93
80
5
96
01
25
73
12
4
38
87
88
59
11
96
53
99
19
57
65
88
85
2
77
01
3
92
32
69
7
25
14
35
22
09
4
23
13
58
71
63
15
29
51
69
98
64
34
33
37
6
25
02
13
39
27
65
05
90
80
27
01
74
71
15
21
62
99
57
35
34
97
99
01
52
04
51
00
17
57
77
73
31
72
53
03
92
6
75
67
00
57
63
19
06
27
4
39
74
19
81
06
50
59
544
36
02
98
0
29
35
18
98
21
60
7
15
97
33
75
02
18
82
66
98
96
35
90
06
15
64
05
91
73

