2
12
16
64
96
34
0
1
31
4
35
67
33
17
56
40
87
60
22
4
57
72
46
33
70
68
77
41
29
52
32
65
26
50
95
77
32
83
27
89
3
16
73
67
80
10
63
53
46
21
67
56
21
19
36
41
10
61
28
91
55
20
46
48
73
23
22
42
85
59
56
38
22
2
81
100
91
87
30
2
87
80
13
84
73
84
69
80
32
88
87
3
42
71
67
100
67
95
69
85
11
50
17
0
10
24
93
42
42
43
81
87
70
40
5
32
67
16
41
94
71
100
65
5
62
15
64
90
70
94
70
46
67
60
22
36
62
26
92
24
86
67
65
72
22
25
46
30
0
86
79
5
60
30
44
62
79
70
13
60
49
73
91
12
35
59
46
1
52
67
81
39
78
0
94
43
44
15
77
52
19
55
75
13
21
44
41
8
33
67
9
58
98
25
3
81
70
91
88
65
0
89
79
14
37
29
71
85
17
25
54
20
90
99
93
2
81
68
79
95
83
21
61
56
46
83
67
30
37
71
87
28
55
13
91
90
53
55
67
18
60
17
66
73
13
33
39
97
38
19
69
58
2
31
23
66
13
29
75
62
83
0
95
30
75
47
62
16
15
100
92
68
54
6
85
91
74
54
87
26
3
71
53
99
31
68
74
48
22
54
52
91
56
62
71
20
61
57
39
